lastAccountName: lanyan123
timestamps:
  login: 1624874399186
  logout: 1624875860902
  lastteleport: 1624875175170
ipAddress: 172.168.9.35
logoutlocation:
  world: world
  x: 280.69999998807907
  y: 61.94385686564285
  z: -245.64825279900222
  yaw: 11.252075
  pitch: 0.7499563
lastlocation:
  world: world
  x: 288.1798273680432
  y: 63.158049853199515
  z: -284.7956586031508
  yaw: 316.81714
  pitch: 14.1
money: '0.0'
