lastAccountName: kdkjdjkd
timestamps:
  login: 1624077252184
  logout: 1624077282706
ipAddress: 127.0.0.1
logoutlocation:
  world: world
  x: 164.7830722191033
  y: 19.0
  z: 118.92788883311923
  yaw: 129.30017
  pitch: 41.400063
money: '0.0'
